0.0	2138.5511726032537	13982.466330077441	11495.810449127772	19740.16113388068	19875.105389893277	24034.55985044294	21202.4611721895	26104.95199124516	27042.572215474018	10827.294368686735	9892.547229541595	16329.576266184482	13155.292094922745	15658.29848563901	15661.529666057946	17750.67597617268	20111.766786073687	23920.09923190452	17055.29599049135	21180.837555700702	8400.658891880956	15818.393049224487	6889.535454119449	7193.507726017452	1837.446169696409	4233.76304723784	6674.3352498783115	7979.69250616255	4824.790568272809	3347.9831367758234	1568.9874472897225	4056.149988472869	25633.521364682492	2212.479562395346	9347.37374527657	5776.9636294945685	10445.560255126602	6869.164460499215	7725.150620893461	14647.52302162699	5025.892441921125	3366.2766793009105	3660.55222672877	8002.843215211941	5655.755052334553	4438.51072933589	7432.255556999147	10832.269767087628	8797.36112317981	
2138.5511726032537	0.0	12154.717296508583	9499.595182931083	17747.285594910543	18110.87914040705	22133.39190941098	19409.29231974701	24461.150890985173	25079.67538994951	9077.719929170027	8527.616370299558	15395.05957143902	11946.268610940908	14193.82586149891	14512.369964216807	16277.01009901385	19078.09078831308	22580.16585126418	15178.454465646068	19719.79729144527	7728.740132758326	15518.085553498076	6893.871338190531	5519.978247240213	1897.11643201303	3265.7038835678763	5642.442518108898	9552.182975294847	6961.93432354034	5364.504348316125	2635.543726647577	5980.5658787725	24050.425388428936	4347.766919555765	11224.374354017644	6886.9372336215565	12467.998326730572	8966.728697391121	9448.254331574642	16767.491332672118	2911.7211592024687	2819.7609269428467	3909.614980546561	10140.540696823615	6489.522345885493	5896.992047201014	8458.813883473636	12078.039665336599	10495.675759543805	
13982.466330077441	12154.717296508583	0.0	3312.6426918446814	6297.682734792302	5990.676283487395	10093.67492663168	7258.562579302669	12513.5961291032	13242.304459793537	3211.2456991197196	5298.363397204948	8590.937609182034	5405.315624403019	4195.524908674194	6673.574588131664	5570.6003887382585	10504.322908700966	11837.461279464065	3122.161346129006	8619.259315390182	8674.88194482068	12505.572220565564	11183.359286240257	6823.534067678243	12381.15142486227	10117.913939050304	8325.00677268284	17636.19360048088	18273.74284475233	16188.660358055937	14787.80534415709	18034.59791710317	12272.695600680308	15877.058720163364	20282.61363182499	14526.091107299382	22215.03738964852	20670.990661845906	21601.097222473425	28158.472263822925	10312.200808228918	14116.275222370235	15565.914667446594	21419.257328013842	18268.08887431765	18036.415549504924	20281.582783237292	23987.14194305419	22650.386995778463	
11495.810449127772	9499.595182931083	3312.6426918446814	0.0	8249.3798190573	9113.219496026411	12703.900350865042	10274.85520904357	15712.722802052547	15582.94912553507	2554.146773789325	5122.051854489729	10873.852014376376	7103.268599952708	7115.511658467452	9104.068602358957	8772.683801383311	13386.129871251682	15126.436833870099	5880.849156696524	11921.030318967218	8218.684212454342	13976.7095620476	10279.6138873887	4827.006555484371	10097.274205471693	8119.686595814455	7004.731624962212	16386.36693392179	16082.03656256789	14102.184789635745	12079.627662611505	15477.27073324371	15531.93243710792	13554.077254427813	18862.358677503104	13181.524222205493	20633.771561345093	18340.125617652382	18888.71413746929	26026.266834198574	7293.684725285894	11139.348470854611	12606.034780034148	19286.585645897183	15284.155479042962	15261.853915359574	17285.926555469516	20994.120237108444	19911.70518182209	
19740.16113388068	17747.285594910543	6297.682734792302	8249.3798190573	0.0	4321.098707660549	4852.673059614359	4283.6795072412	9574.024027092955	7363.846451252793	9389.116764512995	11591.361254433496	12901.40626454022	10954.501494661037	8305.90744586391	11065.944861665184	7963.159102206892	13070.684309086673	11678.457164890378	3447.4503179960293	8844.71680625773	14954.469203976972	17565.84760522385	17480.903286530025	12821.74545466934	18291.129205258017	16171.617488411353	14570.367801495648	23929.195145059737	24265.09793553988	22235.841685310865	20314.136827705825	23726.241428137964	9940.578076853317	21771.99398085724	26561.846582708284	20804.26316976033	28468.856074783245	26568.48322092289	27105.55781591764	34202.71664533059	15415.910303764362	19239.48915100419	20705.95388774641	27453.76953777246	23335.15895047379	23464.74239242175	25306.952016878833	28993.36614271816	28116.401601761158	
19875.105389893277	18110.87914040705	5990.676283487395	9113.219496026411	4321.098707660549	0.0	4855.674057196079	1397.8673269224475	6616.58731607973	8260.880947437432	9050.928909944429	10457.323424211696	9418.454879709105	8582.422369344225	5448.792204587744	7814.929421439203	4251.83599923062	8916.489277712331	7465.387672592759	3372.8536151178537	4525.845618202926	13502.169478455055	14284.442078795806	16162.40486351817	12681.673203284916	18208.380817916503	15863.005200977013	13799.711750578388	22633.555575988885	23982.315847743987	21858.648202098237	20746.40121466678	23930.915895182483	6559.61721296833	21681.462912745323	25371.789804416316	19704.533979513973	27414.64762992349	26441.537225465505	27543.993195521	33752.1939426804	16293.451338054496	20105.779085693226	21556.459464042247	27060.768802446382	24258.253672166033	24003.467700542547	26271.476558566457	29977.535701420136	28599.90183506308	
24034.55985044294	22133.39190941098	10093.67492663168	12703.900350865042	4852.673059614359	4855.674057196079	0.0	3529.4244230166123	5703.886043316074	3406.31083820024	13302.422053552442	15059.661344938704	14078.415170659522	13428.278780579682	10304.373814876582	12596.406847880835	8969.029667230994	12855.537020328207	9609.129942169637	6985.125886724302	7865.268361894905	18231.33290447509	18969.895137361294	20875.31365279814	16912.71397617498	22467.700673935164	20209.830885504205	18317.621701783206	27367.339092461185	28366.250508072073	26275.038581872497	24745.78867195813	28073.19531571267	6487.385864836659	25965.181788059544	30086.036836814885	24374.585399953845	32096.16194340014	30762.185590865884	31567.179193055646	38235.505919992036	19986.821117952644	23831.543337671977	25299.766237169522	31503.69051148563	27963.540573821516	27954.682218069465	29954.675714532277	33656.272712998994	32599.468746624218	
21202.4611721895	19409.29231974701	7258.562579302669	10274.85520904357	4283.6795072412	1397.8673269224475	3529.4244230166123	0.0	5647.646098478124	6931.049086141101	10375.461475239697	11846.40694426286	10585.554564712822	9957.995632491109	6808.0436523055005	9069.2972487038	5448.8925561559345	9697.051961106712	7468.236574683937	4412.059831231442	4925.554682496841	14900.015042164168	15473.112828930087	17560.25867952518	14012.35931884376	19552.27633452593	17219.713475249275	15180.792779052596	24031.00906254492	25350.09180817898	23230.22445304317	22043.651077605235	25258.523944328193	5799.198134644319	23032.31010883275	26769.609648204754	21101.508586225842	28812.278456284403	27800.747331859337	28851.88358893903	35135.26977990981	17516.380417799464	21344.29306331981	22801.150786296123	28437.68198092516	25498.37739876194	25294.52549005964	27509.160732133176	31217.768244723087	29903.9686939513	
26104.95199124516	24461.150890985173	12513.5961291032	15712.722802052547	9574.024027092955	6616.58731607973	5703.886043316074	5647.646098478124	0.0	7351.317053195235	15397.460579528204	16335.676042875011	12649.281390266642	13652.065139853756	10632.845423537354	11845.42567952294	8618.975535639096	10009.689132874042	5239.80339362376	9968.62139843341	5602.476671344975	18948.537199350914	17247.089799412526	21578.72632680488	18955.44881420195	24365.60785834043	21963.074736552288	19714.13655452192	27839.72737055603	29926.77733224392	27781.824132093607	27088.30851011432	30139.06198506583	1170.0394491434351	27771.973246595393	30606.60490040959	25166.77957633322	32729.32695453229	32444.870391012955	33824.233401441	39462.61764006762	22816.39268086347	26593.586563006233	28029.22850938437	32889.81105596224	30734.149787057402	30353.580981206193	32748.523184693204	36444.12423753845	34891.837999228905	
27042.572215474018	25079.67538994951	13242.304459793537	15582.94912553507	7363.846451252793	8260.880947437432	3406.31083820024	6931.049086141101	7351.317053195235	0.0	16447.719011893765	18340.187185022944	17430.88056253281	16824.99776087915	13708.86573060503	15988.149496303678	12354.471069730891	15966.571485560582	12157.051104383616	10122.617796211904	10951.90429189837	21562.252067237838	22320.632187372426	24192.931439199325	20008.622479720212	25538.396024805552	23338.965117424406	21542.716250320213	30688.814979925515	31482.473746340806	29416.037632671403	27661.341500685827	31051.82052727722	8421.91757259301	29032.793300477733	33393.25774424908	27662.699255371765	35381.50115936153	33834.775726461565	34461.97771541103	41391.43779783022	22779.707196275787	26602.312494550944	28068.30702141867	34646.55420307461	30691.331436056917	30824.284572265493	32657.084797421903	36336.23735975597	35476.20919333052	
10827.294368686735	9077.719929170027	3211.2456991197196	2554.146773789325	9389.116764512995	9050.928909944429	13302.422053552442	10375.461475239697	15397.460579528204	16447.719011893765	0.0	2636.9527472887935	8630.383017455199	4741.732250933572	5562.202347138761	7001.618472631339	7522.431740630194	11515.135163204708	13975.791857860657	6332.57765848295	10910.744439926113	5921.023016736868	11449.308346464843	8232.515585149074	3638.0086243555907	9189.814572415611	6907.509558539453	5184.5232779921125	14589.37536987814	15063.84885186416	12977.434630768601	11711.63983362794	14883.43847550372	15030.663994050738	12681.278400657235	17188.20694191792	11434.271885630127	19080.283294353743	17469.68435264963	18495.8707485546	24948.075269594814	7553.510051973714	11235.344786583551	12652.729795477553	18208.09427686455	15355.189825383513	14974.711834860744	17367.73124417615	21054.77107912534	19554.135766569718	
9892.547229541595	8527.616370299558	5298.363397204948	5122.051854489729	11591.361254433496	10457.323424211696	15059.661344938704	11846.40694426286	16335.676042875011	18340.187185022944	2636.9527472887935	0.0	7269.663996300594	3491.699328550046	5775.317853625555	6073.160436876964	7865.80592943533	10706.938234034165	14064.400179671842	8293.017690422974	11289.417885533965	3388.810043128641	9201.66168724594	5896.95380977413	3268.4846693760423	8096.450621406994	5675.102457745674	3382.7207243424023	12377.11914781609	13607.278043060209	11466.742899843597	11051.307755138077	13868.175096266834	15796.770286411102	11445.355562086708	15059.02044743186	9322.554560412318	17042.506314108472	16113.133241726302	17603.697279216907	23301.313857065754	7864.524349498615	11084.829139823232	12382.291128766841	16632.42989692483	15014.038284330969	14274.348306832422	16985.86766397318	20582.3027438867	18679.049456836292	
16329.576266184482	15395.05957143902	8590.937609182034	10873.852014376376	12901.40626454022	9418.454879709105	14078.415170659522	10585.554564712822	12649.281390266642	17430.88056253281	8630.383017455199	7269.663996300594	0.0	3923.7133305238	4720.934906397162	1940.121785766607	5166.618940874971	3849.6949111187228	8558.959615355065	9727.399398465379	7072.4440466631795	7969.693251578944	4891.583247482497	10168.62450977509	10517.677872270737	14497.888998369788	12209.352349485887	9762.35682444502	15763.340455069356	19002.110616979124	16924.86253037464	17704.503939754624	19978.592544838983	11717.24595954649	17377.33429539817	18487.983854471655	13551.049147200918	20651.26825536868	21552.81160814906	23740.211999901567	27783.940838518098	15113.053747605547	18113.93002682518	19304.62007756106	21585.67654843528	21820.617414009732	20758.51351080274	23716.14770820916	27158.581559579936	24807.30092311892	
13155.292094922745	11946.268610940908	5405.315624403019	7103.268599952708	10954.501494661037	8582.422369344225	13428.278780579682	9957.995632491109	13652.065139853756	16824.99776087915	4741.732250933572	3491.699328550046	3923.7133305238	0.0	3171.101813861044	2583.0509746187963	5038.328991589593	7215.737001319096	10791.683506012176	7515.380441924364	8271.80420728579	5314.231592959628	7114.0295854189535	7927.296739645843	6755.3229477673085	11325.180507311348	8927.190921770063	6483.471364663951	14243.77897060938	16453.43758199174	14313.581219585238	14406.547133650189	17026.844640797386	12967.247604298436	14506.70150035255	17007.63574307294	11514.791967995554	19108.96297766773	19003.7040750782	20793.211878169644	25825.303144195266	11342.926500153124	14557.169196835588	15830.16905688054	19312.565811246943	18433.97544023014	17582.25128893425	20386.479703177094	23940.525727869754	21869.795373671994	
15658.29848563901	14193.82586149891	4195.524908674194	7115.511658467452	8305.90744586391	5448.792204587744	10304.373814876582	6808.0436523055005	10632.845423537354	13708.86573060503	5562.202347138761	5775.317853625555	4720.934906397162	3171.101813861044	0.0	2804.4527236149597	2092.3927041522547	6323.785737749415	8454.826419393426	5025.407585919289	5529.912784429231	8350.29932322726	9260.28036553112	11004.109143785701	8706.521374488884	13870.338655962778	11449.671538582646	9122.41208799105	17387.225527977185	19306.612917053437	17160.749869867916	16769.48005634487	19643.464001534576	10039.514257245979	17209.645679402653	20146.84357384147	14590.124018559536	22234.21977612012	21834.854010263174	23376.004553247418	28843.15941790655	13045.480865896936	16595.300600745086	17962.16732350857	22256.966497374044	20638.08246617608	20013.882847916833	22633.350802983878	26271.786396159692	24450.786298214345	
15661.529666057946	14512.369964216807	6673.574588131664	9104.068602358957	11065.944861665184	7814.929421439203	12596.406847880835	9069.2972487038	11845.42567952294	15988.149496303678	7001.618472631339	6073.160436876964	1940.121785766607	2583.0509746187963	2804.4527236149597	0.0	3637.725319519314	4641.6651845609185	8426.363474052761	7828.290117512346	6271.111990883983	7556.490470435119	6530.495416095141	10028.247968862297	9331.9435679151	13825.694863463608	11449.270842041311	8990.625830420808	16060.931160026588	18753.38021098603	16630.182898487623	16946.559569494613	19474.940044077695	11031.225243464527	16920.83013786962	18822.262943734047	13562.434145492061	20964.39265510793	21311.422147152905	23246.494194856918	27898.09622300385	13911.10679242462	17137.939296188015	18403.448906359765	21507.864544673997	20995.871352687707	20097.29010455115	22939.376707061096	26472.118253067914	24321.594791301875	
17750.67597617268	16277.01009901385	5570.6003887382585	8772.683801383311	7963.159102206892	4251.83599923062	8969.029667230994	5448.8925561559345	8618.975535639096	12354.471069730891	7522.431740630194	7865.80592943533	5166.618940874971	5038.328991589593	2092.3927041522547	3637.725319519314	0.0	5323.481996124451	6456.168751524015	5194.740520488817	3442.795553641977	10329.828842813777	10038.191133525526	12961.436690993893	10778.80702540222	15961.753269502407	13540.755519814025	11203.107810014802	19266.811542773263	21366.455004349435	19220.658821584802	18858.026693833388	21733.75574214105	7976.385695386991	19292.680176006717	22032.836427364437	16550.144362750263	24141.69150847482	23900.729414717625	25467.941637347925	30845.129581111043	15058.468342257724	18651.773564894054	20028.855341520095	24291.14445014017	22710.46576160495	22104.426664959028	24708.98020960842	28353.94823302316	26542.83024317162	
20111.766786073687	19078.09078831308	10504.322908700966	13386.129871251682	13070.684309086673	8916.489277712331	12855.537020328207	9697.051961106712	10009.689132874042	15966.571485560582	11515.135163204708	10706.938234034165	3849.6949111187228	7215.737001319096	6323.785737749415	4641.6651845609185	5323.481996124451	0.0	5188.403246684244	10515.229970968334	5015.841831440425	11795.430919868855	7456.247006270331	14016.934871212514	13970.606840526085	18275.559122998024	15946.789793371026	13485.907606981573	19480.75643948454	22851.15515679427	20774.404525172584	21453.42926109295	23808.67160361882	8929.328636654169	21213.5124391047	22174.108045054883	17373.9394858303	24340.340756560177	25401.037710904293	27574.167029756663	31549.364351902565	18552.683258055862	21742.410577210696	22981.967204605495	25413.986501373096	25542.391631072413	24548.117616427582	27462.52667607795	30943.81429866266	28643.032830397344	
23920.09923190452	22580.16585126418	11837.461279464065	15126.436833870099	11678.457164890378	7465.387672592759	9609.129942169637	7468.236574683937	5239.80339362376	12157.051104383616	13975.791857860657	14064.400179671842	8558.959615355065	10791.683506012176	8454.826419393426	8426.363474052761	6456.168751524015	5188.403246684244	0.0	10401.303816075497	3243.3937453313924	15978.946109405326	12642.808821129538	18443.352397925803	17136.854079762215	22098.38201305234	19686.336435717196	17263.645474092424	24300.47008475608	27176.92353437835	25049.890793169972	25115.302215449825	27817.84537803804	4075.6093337511475	25295.282997012408	27036.246997932434	21949.032508553995	29196.948277487372	29734.410622933246	31582.635839448496	36261.190830519416	21496.961039712485	25038.47503714561	26390.733007751427	29926.29937423589	29052.48731752313	28328.746941056663	31037.00662705496	34646.272686053926	32659.363329263364	
17055.29599049135	15178.454465646068	3122.161346129006	5880.849156696524	3447.4503179960293	3372.8536151178537	6985.125886724302	4412.059831231442	9968.62139843341	10122.617796211904	6332.57765848295	8293.017690422974	9727.399398465379	7515.380441924364	5025.407585919289	7828.290117512346	5194.740520488817	10515.229970968334	10401.303816075497	0.0	7206.637641294942	11611.280030956801	14248.197399407838	14187.11026441504	9929.060490458442	15482.80877751396	13236.938054890905	11427.121838430965	20669.764278315564	21391.30867984306	19309.704919389467	17801.652105538084	21099.23025032141	9930.592704475697	18980.42178763237	23341.716157810115	17591.944468191698	25297.68286529931	23778.291937241946	24623.962322354113	31280.47182379789	13156.547673348938	16996.713564419497	18459.636464078576	24540.514889935443	21148.106802939332	21030.80152446828	23154.338673270526	26863.532798499076	25664.470237150184	
21180.837555700702	19719.79729144527	8619.259315390182	11921.030318967218	8844.71680625773	4525.845618202926	7865.268361894905	4925.554682496841	5602.476671344975	10951.90429189837	10910.744439926113	11289.417885533965	7072.4440466631795	8271.80420728579	5529.912784429231	6271.111990883983	3442.795553641977	5015.841831440425	3243.3937453313924	7206.637641294942	0.0	13581.866813979736	11784.736759390107	16164.262584009048	14220.04471025031	19384.660874946734	16962.944718680257	14600.668483465037	22319.450701523736	24711.0359037891	22567.607474728356	22299.249757159097	25150.426608498667	4760.628144437311	22688.544387480215	25083.5766622647	19737.976986571874	27219.762068908818	27255.463168599323	28892.387241206023	34071.92977690868	18462.384139871807	22084.108381705642	23466.629197773967	27584.06097573315	26150.643510657323	25543.49236623405	28150.30960798038	31796.702803245087	29968.004845108393	
8400.658891880956	7728.740132758326	8674.88194482068	8218.684212454342	14954.469203976972	13502.169478455055	18231.33290447509	14900.015042164168	18948.537199350914	21562.252067237838	5921.023016736868	3388.810043128641	7969.693251578944	5314.231592959628	8350.29932322726	7556.490470435119	10329.828842813777	11795.430919868855	15978.946109405326	11611.280030956801	13581.866813979736	0.0	7895.172216938776	2664.706178969955	4422.00513649233	6587.297831499642	4463.05987327514	2318.2762407811615	9137.560194304604	11197.983293579558	9073.832322804226	9833.302638867524	12013.248507352255	18280.295728574558	9421.404856442103	11869.718217153099	6241.61188354715	13920.604672760262	13755.621988894809	15779.355038779018	20516.13263995527	8281.604428900597	10539.835501110942	11583.378735925531	14004.325655336936	13980.77072199126	12809.560634314928	15824.577993715015	19209.07719765231	16849.14192239427	
15818.393049224487	15518.085553498076	12505.572220565564	13976.7095620476	17565.84760522385	14284.442078795806	18969.895137361294	15473.112828930087	17247.089799412526	22320.632187372426	11449.308346464843	9201.66168724594	4891.583247482497	7114.0295854189535	9260.28036553112	6530.495416095141	10038.191133525526	7456.247006270331	12642.808821129538	14248.197399407838	11784.736759390107	7895.172216938776	0.0	8946.901912459069	11903.408223063674	14127.302541418085	12282.387076769657	10193.929388977336	12904.701350661555	17277.5032414338	15419.926504952307	17352.485767086106	18852.237976268567	16234.525126938948	16255.448196904019	15423.606470814082	11531.246511695555	17562.075107508703	19710.776492408135	22457.605336325945	24968.100867115692	16144.535055269074	18337.033384203878	19264.911641344053	19350.688581078488	21473.004794084947	20010.809376001034	23177.581364929527	26289.706378616178	23474.744538891297	
6889.535454119449	6893.871338190531	11183.359286240257	10279.6138873887	17480.903286530025	16162.40486351817	20875.31365279814	17560.25867952518	21578.72632680488	24192.931439199325	8232.515585149074	5896.95380977413	10168.62450977509	7927.296739645843	11004.109143785701	10028.247968862297	12961.436690993893	14016.934871212514	18443.352397925803	14187.11026441504	16164.262584009048	2664.706178969955	8946.901912459069	0.0	5773.688970815518	5278.1533870660405	3989.237290296532	3339.4128733475436	6495.960835848675	8834.89060761547	6777.993400192625	8440.715009979134	10015.58105740548	20886.996016432586	7394.898142432646	9213.17522278591	3589.016909472067	11256.254319380969	11384.208763673774	13718.586567919503	17907.878935992292	8367.993231869983	9647.76607207673	10423.178451709698	11482.989837605943	12535.882516155412	11076.875051963905	14231.801614763186	17402.826060692652	14768.401026935564	
7193.507726017452	5519.978247240213	6823.534067678243	4827.006555484371	12821.74545466934	12681.673203284916	16912.71397617498	14012.35931884376	18955.44881420195	20008.622479720212	3638.0086243555907	3268.4846693760423	10517.677872270737	6755.3229477673085	8706.521374488884	9331.9435679151	10778.80702540222	13970.606840526085	17136.854079762215	9929.060490458442	14220.04471025031	4422.00513649233	11903.408223063674	5773.688970815518	0.0	5557.717772688537	3350.2889089154073	2449.9832083303013	11593.151585514992	11473.851347957832	9418.655078004302	8136.184516066973	11249.244158670377	18531.625363816627	9053.649708391162	14038.121133546741	8384.386727248575	15810.404528024454	13849.483112259994	14882.889136874712	21393.238926094116	4598.390254743284	7905.202724929746	9256.721680333572	14644.573198787055	11932.204520800738	11400.612636862981	13930.283948858294	17582.648724897208	15945.973868747651	
1837.446169696409	1897.11643201303	12381.15142486227	10097.274205471693	18291.129205258017	18208.380817916503	22467.700673935164	19552.27633452593	24365.60785834043	25538.396024805552	9189.814572415611	8096.450621406994	14497.888998369788	11325.180507311348	13870.338655962778	13825.694863463608	15961.753269502407	18275.559122998024	22098.38201305234	15482.80877751396	19384.660874946734	6587.297831499642	14127.302541418085	5278.1533870660405	5557.717772688537	0.0	2421.7191631679284	4842.019629188987	7742.280916131119	5984.764716670722	4057.464882195152	3255.2947360764088	5777.975668543586	23870.494858267724	3497.800270734935	9588.356568561396	4993.401943605194	11000.258800629086	8298.419756872208	9507.73656971626	15929.110070963146	4498.870285270621	4417.25309442977	5151.107082511863	9190.917768736683	7406.200524337345	6275.956715015967	9237.772448368387	12668.26729253964	10583.489947171334	
4233.76304723784	3265.7038835678763	10117.913939050304	8119.686595814455	16171.617488411353	15863.005200977013	20209.830885504205	17219.713475249275	21963.074736552288	23338.965117424406	6907.509558539453	5675.102457745674	12209.352349485887	8927.190921770063	11449.671538582646	11449.270842041311	13540.755519814025	15946.789793371026	19686.336435717196	13236.938054890905	16962.944718680257	4463.05987327514	12282.387076769657	3989.237290296532	3350.2889089154073	2421.7191631679284	0.0	2462.6244236677194	8576.445822930464	8156.4546906402065	6077.3142478861755	5506.974145917499	8194.825516399907	21456.4711999175	5824.7596267502795	10858.81245489904	5419.876310842626	12542.205835578576	10581.312929925662	11929.455637447822	18053.538333337667	4386.999314838491	6078.710379484887	7138.68003555961	11307.589816836064	9611.374524192424	8655.066826394304	11516.082446427055	15022.880704132614	13005.183917567088	
6674.3352498783115	5642.442518108898	8325.00677268284	7004.731624962212	14570.367801495648	13799.711750578388	18317.621701783206	15180.792779052596	19714.13655452192	21542.716250320213	5184.5232779921125	3382.7207243424023	9762.35682444502	6483.471364663951	9122.41208799105	8990.625830420808	11203.107810014802	13485.907606981573	17263.645474092424	11427.121838430965	14600.668483465037	2318.2762407811615	10193.929388977336	3339.4128733475436	2449.9832083303013	4842.019629188987	2462.6244236677194	0.0	9435.314369135827	10224.823567990217	8085.296755552996	7969.194046187648	10562.83911171226	19159.509487730636	8090.065624291052	12006.4167825309	6258.058793784873	13899.205693529551	12731.64345864223	14321.59076859927	19954.83258778216	5964.060368533628	8405.950696720198	9548.851604265179	13264.222933860248	12062.7563047626	11107.356952758766	13976.674886494146	17483.151037508942	15398.39339302116	
7979.69250616255	9552.182975294847	17636.19360048088	16386.36693392179	23929.195145059737	22633.555575988885	27367.339092461185	24031.00906254492	27839.72737055603	30688.814979925515	14589.37536987814	12377.11914781609	15763.340455069356	14243.77897060938	17387.225527977185	16060.931160026588	19266.811542773263	19480.75643948454	24300.47008475608	20669.764278315564	22319.450701523736	9137.560194304604	12904.701350661555	6495.960835848675	11593.151585514992	7742.280916131119	8576.445822930464	9435.314369135827	0.0	5713.521717431853	5062.682184662948	9212.103282680288	8263.648384190255	27077.77803473294	6544.618319988477	2767.0030840997442	3208.786120925928	4904.713289912834	7541.758216261516	10952.953696710396	12107.9490993163	12223.277895524492	11317.92406956988	11241.06291668276	6686.813360250293	12108.729059679943	10029.173405652298	13071.11502768082	15168.521203269174	11785.780599545733	
4824.790568272809	6961.93432354034	18273.74284475233	16082.03656256789	24265.09793553988	23982.315847743987	28366.250508072073	25350.09180817898	29926.77733224392	31482.473746340806	15063.84885186416	13607.278043060209	19002.110616979124	16453.43758199174	19306.612917053437	18753.38021098603	21366.455004349435	22851.15515679427	27176.92353437835	21391.30867984306	24711.0359037891	11197.983293579558	17277.5032414338	8834.89060761547	11473.851347957832	5984.764716670722	8156.4546906402065	10224.823567990217	5713.521717431853	0.0	2145.9306490742533	5157.579875437931	2720.948811389524	29341.649737733176	2614.6571918273685	5645.036408154768	5747.541311595412	6056.932461731752	2558.4503683225735	5356.145797344939	9944.467321600241	9844.449777942877	7329.295149624451	6652.295098767865	3212.3820441682356	6713.014272876172	4567.871258594531	7413.514900730286	9512.749705467115	6291.0804644954815	
3347.9831367758234	5364.504348316125	16188.660358055937	14102.184789635745	22235.841685310865	21858.648202098237	26275.038581872497	23230.22445304317	27781.824132093607	29416.037632671403	12977.434630768601	11466.742899843597	16924.86253037464	14313.581219585238	17160.749869867916	16630.182898487623	19220.658821584802	20774.404525172584	25049.890793169972	19309.704919389467	22567.607474728356	9073.832322804226	15419.926504952307	6777.993400192625	9418.655078004302	4057.464882195152	6077.3142478861755	8085.296755552996	5062.682184662948	2145.9306490742533	0.0	4267.221130893423	3568.08775757018	27195.74935144277	1489.3020015643588	6035.9610971670945	4013.337008544184	7109.836697767177	4690.154805640753	7037.94928368931	11976.315053938242	8272.082628808766	6460.094430974204	6210.400928050881	5230.993121067656	7126.546924425617	5137.018235273254	8318.151187385238	10980.190062069078	8058.095680579104	
1568.9874472897225	2635.543726647577	14787.80534415709	12079.627662611505	20314.136827705825	20746.40121466678	24745.78867195813	22043.651077605235	27088.30851011432	27661.341500685827	11711.63983362794	11051.307755138077	17704.503939754624	14406.547133650189	16769.48005634487	16946.559569494613	18858.026693833388	21453.42926109295	25115.302215449825	17801.652105538084	22299.249757159097	9833.302638867524	17352.485767086106	8440.715009979134	8136.184516066973	3255.2947360764088	5506.974145917499	7969.194046187648	9212.103282680288	5157.579875437931	4267.221130893423	0.0	3513.894034254683	26666.179095701627	2825.946020390332	10273.696340593468	7257.101294965264	11118.05031607127	6717.8538915330255	6822.754342162467	14530.908317843163	5070.284835006532	2216.2857865612477	2126.035320892058	8126.6004632715985	4151.044236473185	3265.2878716261625	6011.887825423847	9536.559960932596	7864.370193867353	
4056.149988472869	5980.5658787725	18034.59791710317	15477.27073324371	23726.241428137964	23930.915895182483	28073.19531571267	25258.523944328193	30139.06198506583	31051.82052727722	14883.43847550372	13868.175096266834	19978.592544838983	17026.844640797386	19643.464001534576	19474.940044077695	21733.75574214105	23808.67160361882	27817.84537803804	21099.23025032141	25150.426608498667	12013.248507352255	18852.237976268567	10015.58105740548	11249.244158670377	5777.975668543586	8194.825516399907	10562.83911171226	8263.648384190255	2720.948811389524	3568.08775757018	3513.894034254683	0.0	29648.4705224851	2621.9529023025334	8362.644488963957	7573.533556682962	8608.39064575524	3307.0574903879847	3771.888737108253	11055.421546810097	8582.954377322249	5348.104288650642	4331.278673675114	4926.677219089216	3993.2865970225353	1847.6849250912899	4819.675974747713	7450.748325243543	4846.656427588356	
25633.521364682492	24050.425388428936	12272.695600680308	15531.93243710792	9940.578076853317	6559.61721296833	6487.385864836659	5799.198134644319	1170.0394491434351	8421.91757259301	15030.663994050738	15796.770286411102	11717.24595954649	12967.247604298436	10039.514257245979	11031.225243464527	7976.385695386991	8929.328636654169	4075.6093337511475	9930.592704475697	4760.628144437311	18280.295728574558	16234.525126938948	20886.996016432586	18531.625363816627	23870.494858267724	21456.4711999175	19159.509487730636	27077.77803473294	29341.649737733176	27195.74935144277	26666.179095701627	29648.4705224851	0.0	27241.584149142633	29842.532187860874	24468.62212365916	31976.7008585896	31873.287442555327	33358.64568030992	38791.723899621	22521.795656066573	26261.642794315296	27683.319589214425	32263.176207917164	30385.80259570887	29928.66969175766	32398.05894365977	36081.396010181634	34430.14273427762	
2212.479562395346	4347.766919555765	15877.058720163364	13554.077254427813	21771.99398085724	21681.462912745323	25965.181788059544	23032.31010883275	27771.973246595393	29032.793300477733	12681.278400657235	11445.355562086708	17377.33429539817	14506.70150035255	17209.645679402653	16920.83013786962	19292.680176006717	21213.5124391047	25295.282997012408	18980.42178763237	22688.544387480215	9421.404856442103	16255.448196904019	7394.898142432646	9053.649708391162	3497.800270734935	5824.7596267502795	8090.065624291052	6544.618319988477	2614.6571918273685	1489.3020015643588	2825.946020390332	2621.9529023025334	27241.584149142633	0.0	7448.386009536958	5163.297298502294	8345.827207391874	4802.01856246392	6363.647664318028	12496.958194669332	7237.3050189906335	5039.087453827816	4722.5425383344555	5808.579007087287	5748.0784166619815	3876.9570984250045	7098.59584863044	10034.269455641808	7430.000054084327	
9347.37374527657	11224.374354017644	20282.61363182499	18862.358677503104	26561.846582708284	25371.789804416316	30086.036836814885	26769.609648204754	30606.60490040959	33393.25774424908	17188.20694191792	15059.02044743186	18487.983854471655	17007.63574307294	20146.84357384147	18822.262943734047	22032.836427364437	22174.108045054883	27036.246997932434	23341.716157810115	25083.5766622647	11869.718217153099	15423.606470814082	9213.17522278591	14038.121133546741	9588.356568561396	10858.81245489904	12006.4167825309	2767.0030840997442	5645.036408154768	6035.9610971670945	10273.696340593468	8362.644488963957	29842.532187860874	7448.386009536958	0.0	5757.643775704561	2166.232806466411	6553.668072481685	10169.710374213862	9555.51082908949	14062.273159687036	12482.72941395759	12088.615985259636	5157.112434175668	12355.926403858193	10210.32023235256	12909.042956455449	14366.956478955228	10815.564311668233	
5776.9636294945685	6886.9372336215565	14526.091107299382	13181.524222205493	20804.26316976033	19704.533979513973	24374.585399953845	21101.508586225842	25166.77957633322	27662.699255371765	11434.271885630127	9322.554560412318	13551.049147200918	11514.791967995554	14590.124018559536	13562.434145492061	16550.144362750263	17373.9394858303	21949.032508553995	17591.944468191698	19737.976986571874	6241.61188354715	11531.246511695555	3589.016909472067	8384.386727248575	4993.401943605194	5419.876310842626	6258.058793784873	3208.786120925928	5747.541311595412	4013.337008544184	7257.101294965264	7573.533556682962	24468.62212365916	5163.297298502294	5757.643775704561	0.0	7721.617066688486	8195.790856471684	10997.749571519664	14339.10712364223	9322.710627457072	9104.319372693306	9382.676719815532	8041.415023160576	10878.146865883993	9035.353136526619	12252.755906980772	14992.227449805714	11987.482814782301	
10445.560255126602	12467.998326730572	22215.03738964852	20633.771561345093	28468.856074783245	27414.64762992349	32096.16194340014	28812.278456284403	32729.32695453229	35381.50115936153	19080.283294353743	17042.506314108472	20651.26825536868	19108.96297766773	22234.21977612012	20964.39265510793	24141.69150847482	24340.340756560177	29196.948277487372	25297.68286529931	27219.762068908818	13920.604672760262	17562.075107508703	11256.254319380969	15810.404528024454	11000.258800629086	12542.205835578576	13899.205693529551	4904.713289912834	6056.932461731752	7109.836697767177	11118.05031607127	8608.39064575524	31976.7008585896	8345.827207391874	2166.232806466411	7721.617066688486	0.0	6069.0245372592035	9589.686479540926	7464.099160309783	15367.209753183644	13325.518714398555	12709.195114478196	4338.0519022594135	12512.314758527727	10405.67108652674	12726.131563584087	13628.687415742776	10048.336377582207	
6869.164460499215	8966.728697391121	20670.990661845906	18340.125617652382	26568.48322092289	26441.537225465505	30762.185590865884	27800.747331859337	32444.870391012955	33834.775726461565	17469.68435264963	16113.133241726302	21552.81160814906	19003.7040750782	21834.854010263174	21311.422147152905	23900.729414717625	25401.037710904293	29734.410622933246	23778.291937241946	27255.463168599323	13755.621988894809	19710.776492408135	11384.208763673774	13849.483112259994	8298.419756872208	10581.312929925662	12731.64345864223	7541.758216261516	2558.4503683225735	4690.154805640753	6717.8538915330255	3307.0574903879847	31873.287442555327	4802.01856246392	6553.668072481685	8195.790856471684	6069.0245372592035	0.0	3618.170465233664	7822.987523827677	11728.54959895398	8651.43806700707	7614.284860672238	1821.6087454884662	6704.807968212196	4764.2141863542	6674.1754114422765	7818.378899644089	4299.027092800328	
7725.150620893461	9448.254331574642	21601.097222473425	18888.71413746929	27105.55781591764	27543.993195521	31567.179193055646	28851.88358893903	33824.233401441	34461.97771541103	18495.8707485546	17603.697279216907	23740.211999901567	20793.211878169644	23376.004553247418	23246.494194856918	25467.941637347925	27574.167029756663	31582.635839448496	24623.962322354113	28892.387241206023	15779.355038779018	22457.605336325945	13718.586567919503	14882.889136874712	9507.73656971626	11929.455637447822	14321.59076859927	10952.953696710396	5356.145797344939	7037.94928368931	6822.754342162467	3771.888737108253	33358.64568030992	6363.647664318028	10169.710374213862	10997.749571519664	9589.686479540926	3618.170465233664	0.0	9152.748814856797	11727.70876313585	8027.927122611231	6635.883760624933	5251.640551226112	4574.077768512432	3652.2622724633397	3619.459903112879	4231.215208759964	1076.804485533445	
14647.52302162699	16767.491332672118	28158.472263822925	26026.266834198574	34202.71664533059	33752.1939426804	38235.505919992036	35135.26977990981	39462.61764006762	41391.43779783022	24948.075269594814	23301.313857065754	27783.940838518098	25825.303144195266	28843.15941790655	27898.09622300385	30845.129581111043	31549.364351902565	36261.190830519416	31280.47182379789	34071.92977690868	20516.13263995527	24968.100867115692	17907.878935992292	21393.238926094116	15929.110070963146	18053.538333337667	19954.83258778216	12107.9490993163	9944.467321600241	11976.315053938242	14530.908317843163	11055.421546810097	38791.723899621	12496.958194669332	9555.51082908949	14339.10712364223	7464.099160309783	7822.987523827677	9152.748814856797	0.0	19551.128248309287	16378.381985700717	15208.850161033288	6749.310362597006	13645.050615983893	12157.25319175835	12716.30230674397	11451.716452190696	8760.58080175974	
5025.892441921125	2911.7211592024687	10312.200808228918	7293.684725285894	15415.910303764362	16293.451338054496	19986.821117952644	17516.380417799464	22816.39268086347	22779.707196275787	7553.510051973714	7864.524349498615	15113.053747605547	11342.926500153124	13045.480865896936	13911.10679242462	15058.468342257724	18552.683258055862	21496.961039712485	13156.547673348938	18462.384139871807	8281.604428900597	16144.535055269074	8367.993231869983	4598.390254743284	4498.870285270621	4386.999314838491	5964.060368533628	12223.277895524492	9844.449777942877	8272.082628808766	5070.284835006532	8582.954377322249	22521.795656066573	7237.3050189906335	14062.273159687036	9322.710627457072	15367.209753183644	11728.54959895398	11727.70876313585	19551.128248309287	0.0	3845.9671377315985	5313.488558032121	12995.596334327023	7992.235671788295	8075.890648578243	9997.852830926819	13707.106846724682	12718.774786297727	
3366.2766793009105	2819.7609269428467	14116.275222370235	11139.348470854611	19239.48915100419	20105.779085693226	23831.543337671977	21344.29306331981	26593.586563006233	26602.312494550944	11235.344786583551	11084.829139823232	18113.93002682518	14557.169196835588	16595.300600745086	17137.939296188015	18651.773564894054	21742.410577210696	25038.47503714561	16996.713564419497	22084.108381705642	10539.835501110942	18337.033384203878	9647.76607207673	7905.202724929746	4417.25309442977	6078.710379484887	8405.950696720198	11317.92406956988	7329.295149624451	6460.094430974204	2216.2857865612477	5348.104288650642	26261.642794315296	5039.087453827816	12482.72941395759	9104.319372693306	13325.518714398555	8651.43806700707	8027.927122611231	16378.381985700717	3845.9671377315985	0.0	1468.473125718314	10183.31377750597	4154.085189247642	4405.998830166075	6165.939276724873	9873.65671207345	8974.67684541038	
3660.55222672877	3909.614980546561	15565.914667446594	12606.034780034148	20705.95388774641	21556.459464042247	25299.766237169522	22801.150786296123	28029.22850938437	28068.30702141867	12652.729795477553	12382.291128766841	19304.62007756106	15830.16905688054	17962.16732350857	18403.448906359765	20028.855341520095	22981.967204605495	26390.733007751427	18459.636464078576	23466.629197773967	11583.378735925531	19264.911641344053	10423.178451709698	9256.721680333572	5151.107082511863	7138.68003555961	9548.851604265179	11241.06291668276	6652.295098767865	6210.400928050881	2126.035320892058	4331.278673675114	27683.319589214425	4722.5425383344555	12088.615985259636	9382.676719815532	12709.195114478196	7614.284860672238	6635.883760624933	15208.850161033288	5313.488558032121	1468.473125718314	0.0	9255.441291913172	2704.947341586501	3084.913952753712	4719.427000609064	8421.434894940317	7553.536033163422	
8002.843215211941	10140.540696823615	21419.257328013842	19286.585645897183	27453.76953777246	27060.768802446382	31503.69051148563	28437.68198092516	32889.81105596224	34646.55420307461	18208.09427686455	16632.42989692483	21585.67654843528	19312.565811246943	22256.966497374044	21507.864544673997	24291.14445014017	25413.986501373096	29926.29937423589	24540.514889935443	27584.06097573315	14004.325655336936	19350.688581078488	11482.989837605943	14644.573198787055	9190.917768736683	11307.589816836064	13264.222933860248	6686.813360250293	3212.3820441682356	5230.993121067656	8126.6004632715985	4926.677219089216	32263.176207917164	5808.579007087287	5157.112434175668	8041.415023160576	4338.0519022594135	1821.6087454884662	5251.640551226112	6749.310362597006	12995.596334327023	10183.31377750597	9255.441291913172	0.0	8512.427063368452	6525.938596712557	8476.923129833322	9328.403501536703	5746.839477114679	
5655.755052334553	6489.522345885493	18268.08887431765	15284.155479042962	23335.15895047379	24258.253672166033	27963.540573821516	25498.37739876194	30734.149787057402	30691.331436056917	15355.189825383513	15014.038284330969	21820.617414009732	18433.97544023014	20638.08246617608	20995.871352687707	22710.46576160495	25542.391631072413	29052.48731752313	21148.106802939332	26150.643510657323	13980.77072199126	21473.004794084947	12535.882516155412	11932.204520800738	7406.200524337345	9611.374524192424	12062.7563047626	12108.729059679943	6713.014272876172	7126.546924425617	4151.044236473185	3993.2865970225353	30385.80259570887	5748.0784166619815	12355.926403858193	10878.146865883993	12512.314758527727	6704.807968212196	4574.077768512432	13645.050615983893	7992.235671788295	4154.085189247642	2704.947341586501	8512.427063368452	0.0	2145.606195883375	2014.5184179532168	5719.729262053033	5302.905111058129	
4438.51072933589	5896.992047201014	18036.415549504924	15261.853915359574	23464.74239242175	24003.467700542547	27954.682218069465	25294.52549005964	30353.580981206193	30824.284572265493	14974.711834860744	14274.348306832422	20758.51351080274	17582.25128893425	20013.882847916833	20097.29010455115	22104.426664959028	24548.117616427582	28328.746941056663	21030.80152446828	25543.49236623405	12809.560634314928	20010.809376001034	11076.875051963905	11400.612636862981	6275.956715015967	8655.066826394304	11107.356952758766	10029.173405652298	4567.871258594531	5137.018235273254	3265.2878716261625	1847.6849250912899	29928.66969175766	3876.9570984250045	10210.32023235256	9035.353136526619	10405.67108652674	4764.2141863542	3652.2622724633397	12157.25319175835	8075.890648578243	4405.998830166075	3084.913952753712	6525.938596712557	2145.606195883375	0.0	3222.2191092323496	6400.518493189297	4651.938691250033	
7432.255556999147	8458.813883473636	20281.582783237292	17285.926555469516	25306.952016878833	26271.476558566457	29954.675714532277	27509.160732133176	32748.523184693204	32657.084797421903	17367.73124417615	16985.86766397318	23716.14770820916	20386.479703177094	22633.350802983878	22939.376707061096	24708.98020960842	27462.52667607795	31037.00662705496	23154.338673270526	28150.30960798038	15824.577993715015	23177.581364929527	14231.801614763186	13930.283948858294	9237.772448368387	11516.082446427055	13976.674886494146	13071.11502768082	7413.514900730286	8318.151187385238	6011.887825423847	4819.675974747713	32398.05894365977	7098.59584863044	12909.042956455449	12252.755906980772	12726.131563584087	6674.1754114422765	3619.459903112879	12716.30230674397	9997.852830926819	6165.939276724873	4719.427000609064	8476.923129833322	2014.5184179532168	3222.2191092323496	0.0	3709.2879985103204	3995.522187798571	
10832.269767087628	12078.039665336599	23987.14194305419	20994.120237108444	28993.36614271816	29977.535701420136	33656.272712998994	31217.768244723087	36444.12423753845	36336.23735975597	21054.77107912534	20582.3027438867	27158.581559579936	23940.525727869754	26271.786396159692	26472.118253067914	28353.94823302316	30943.81429866266	34646.272686053926	26863.532798499076	31796.702803245087	19209.07719765231	26289.706378616178	17402.826060692652	17582.648724897208	12668.26729253964	15022.880704132614	17483.151037508942	15168.521203269174	9512.749705467115	10980.190062069078	9536.559960932596	7450.748325243543	36081.396010181634	10034.269455641808	14366.956478955228	14992.227449805714	13628.687415742776	7818.378899644089	4231.215208759964	11451.716452190696	13707.106846724682	9873.65671207345	8421.434894940317	9328.403501536703	5719.729262053033	6400.518493189297	3709.2879985103204	0.0	3582.687336517719	
8797.36112317981	10495.675759543805	22650.386995778463	19911.70518182209	28116.401601761158	28599.90183506308	32599.468746624218	29903.9686939513	34891.837999228905	35476.20919333052	19554.135766569718	18679.049456836292	24807.30092311892	21869.795373671994	24450.786298214345	24321.594791301875	26542.83024317162	28643.032830397344	32659.363329263364	25664.470237150184	29968.004845108393	16849.14192239427	23474.744538891297	14768.401026935564	15945.973868747651	10583.489947171334	13005.183917567088	15398.39339302116	11785.780599545733	6291.0804644954815	8058.095680579104	7864.370193867353	4846.656427588356	34430.14273427762	7430.000054084327	10815.564311668233	11987.482814782301	10048.336377582207	4299.027092800328	1076.804485533445	8760.58080175974	12718.774786297727	8974.67684541038	7553.536033163422	5746.839477114679	5302.905111058129	4651.938691250033	3995.522187798571	3582.687336517719	0.0	
